Input
0.5792143943243425 0.2482776256262098 2 3 1 0 3 0 1 3 2 3 2 1 
0.7904549302910437 0.33623217946841377 3 2 1 0 2 3 1 2 0 1 3 3 
0.7915938762147111 0.4583867257930436 0 1 1 2 0 3 2 3 3 3 2 1 
0.931681413296657 0.9404373155534361 1 3 0 2 3 0 1 2 3 2 1 3 
0.9620939786938468 0.802185778841326 1 0 0 3 1 2 2 3 2 1 3 
0.5962351749999678 0.16587515164625932 2 0 1 3 1 2 0 3 2 1 
0.3284564725318867 0.17862299189393027 0 1 2 3 0 2 1 3 
0.10941256456660187 0.9200369063077976 3 2 2 1 0 1 3 1 3 2 3 
0.4932702419660464 0.08769920542393339 0 2 1 3 1 2 3 0 3 2 3 1 
0.08353090242522399 0.624583136004521 1 2 3 3 0 2 1 2 1 3 
0.7342335630638198 0.021331198067250257 0 1 2 0 3 2 3 3 2 1 
0.08787134344995629 0.7463451579090958 2 3 2 1 0 0 1 3 2 3 
0.864174990894692 0.38396152234185355 0 2 1 3 0 3 3 2 1 
0.2866456887017035 0.26494410445511196 0 2 1 2 3 2 1 0 3 1 3 
0.2854206856426781 0.5757466646189022 3 2 0 2 1 2 0 3 3 
0.15103488812146248 0.646730201686263 2 3 1 0 0 3 3 2 1 2 3 
0.8030998464153012 0.5377103073157874 2 3 1 0 1 2 3 2 1 0 3 
0.6155886645356886 0.952196380911479 2 3 2 0 1 1 0 2 3 3 
0.100310393331697 0.6868139417714438 0 3 1 2 0 3 2 3 3 2 1 
0.900003871929448 0.591340385482212 0 1 2 0 3 3 1 3 2 3 1 


Output
0.31603151073356806 3.000611961575207 2 -1 1 -1 -1 1 0 1 0 